04 01 00 01 00 00 00 00 00 00 00 00 00 00 00 00 00 00 00 00 00 00 00 00 00 00 00 00 00 00 00 00 00 00 00 00 00 00 00 00 00 00 00 00 00 00 00 00 00 00 00 00 00 00 00 00 00 00 00 00 00 00 00 00
04 2a 01 0a 10 00 00 00 aa 55 10 00 00 00 01 00 00 00 00 00 00 00 00 00 00 00 00 00 00 00 00 00 00 00 00 00 00 00 00 00 00 00 00 00 00 00 00 00 00 00 00 00 00 00 00 00 00 00 00 00 00 00 00 00
04 98 03 08 38 00 00 00 02 02 28 02 02 28 02 02 28 02 02 28 02 02 28 02 02 28 02 02 28 02 02 28 02 02 28 02 02 28 02 02 64 02 02 28 02 02 28 02 02 28 02 02 28 02 02 28 02 02 28 02 02 28 02 02
04 97 03 08 38 38 00 00 28 02 02 28 02 02 28 02 02 28 02 02 28 02 02 28 02 02 28 02 02 28 02 02 28 02 02 28 02 02 28 02 02 28 02 02 28 02 02 28 02 02 28 02 02 28 02 02 28 05 02 02 02 02 28 02
04 49 04 08 38 70 00 00 02 28 02 02 28 02 02 28 02 02 28 02 02 28 02 02 28 02 02 28 02 02 28 02 02 28 02 02 28 02 01 80 02 02 28 02 02 28 02 02 28 02 02 28 02 02 28 02 02 28 02 02 28 02 02 28
04 86 03 08 38 a8 00 00 02 02 28 02 02 28 02 02 28 02 00 00 02 02 28 02 02 28 02 02 28 02 02 28 02 02 28 02 00 00 02 02 28 02 02 28 02 02 28 02 02 28 02 02 28 02 00 00 02 02 28 02 02 28 02 02
04 c5 03 08 38 e0 00 00 28 02 00 00 02 02 87 02 00 00 02 00 00 02 02 28 02 02 28 02 02 28 02 02 28 02 00 00 02 02 28 02 02 28 02 02 28 02 00 00 02 00 00 02 02 28 02 02 28 02 02 28 02 02 28 02
04 ff 03 08 38 18 01 00 00 00 02 02 28 02 02 28 02 02 28 02 02 28 02 02 28 02 00 00 02 00 00 02 02 28 02 00 00 02 02 53 02 02 5f 02 02 5c 02 02 59 02 00 00 02 00 00 02 02 54 02 02 60 02 02 5d
04 65 05 08 2a 50 01 00 02 02 5a 02 02 62 02 00 00 02 02 55 02 02 61 02 02 5e 02 02 5b 02 02 63 02 00 00 02 02 56 02 02 57 02 00 00 02 02 58 02 00 00 00 00 02 00 00 02 02 54 02 02 60 02 02 5d
04 02 00 02 00 00 00 00 00 00 00 00 00 00 00 00 00 00 00 00 00 00 00 00 00 00 00 00 00 00 00 00 00 00 00 00 00 00 00 00 00 00 00 00 00 00 00 00 00 00 00 00 00 00 00 00 00 00 00 00 00 00 00 00
