04 01 00 01 00 00 00 00 00 00 00 00 00 00 00 00 00 00 00 00 00 00 00 00 00 00 00 00 00 00 00 00 00 00 00 00 00 00 00 00 00 00 00 00 00 00 00 00 00 00 00 00 00 00 00 00 00 00 00 00 00 00 00 00
04 2c 01 0a 10 00 00 00 aa 55 10 00 00 00 01 00 02 00 00 00 00 00 00 00 00 00 00 00 00 00 00 00 00 00 00 00 00 00 00 00 00 00 00 00 00 00 00 00 00 00 00 00 00 00 00 00 00 00 00 00 00 00 00 00
04 d4 02 08 38 00 00 00 02 02 29 02 02 35 02 02 2b 02 02 39 02 01 02 02 01 01 02 02 3a 02 02 1e 02 02 14 02 02 04 02 02 64 02 01 08 02 02 3b 02 02 1f 02 02 1a 02 02 16 02 02 1d 02 01 04 02 02
04 13 03 08 38 38 00 00 3c 02 02 20 02 02 08 02 02 07 02 02 1b 02 02 2c 02 02 3d 02 02 21 02 02 15 02 02 09 02 02 06 02 01 40 02 02 3e 02 02 22 02 02 17 02 02 0a 02 02 19 05 02 02 02 02 3f 02
04 ce 03 08 38 70 00 00 02 23 02 02 1c 02 02 0b 02 02 05 02 02 65 02 02 40 02 02 24 02 02 18 02 02 0d 02 02 11 02 01 80 02 02 41 02 02 25 02 02 0c 02 02 0e 02 02 10 02 01 10 02 02 42 02 02 26
04 eb 03 08 38 a8 00 00 02 02 12 02 02 0f 02 02 36 02 00 00 02 02 43 02 02 27 02 02 13 02 02 33 02 02 37 02 00 00 02 02 44 02 02 2d 02 02 2f 02 02 34 02 02 38 02 00 00 02 02 45 02 02 2e 02 02
04 9c 04 08 38 e0 00 00 30 02 00 00 02 02 87 02 00 00 02 00 00 02 02 2a 02 02 31 02 02 28 02 01 20 02 00 00 02 02 46 02 02 49 02 02 28 02 00 00 02 00 00 02 02 50 02 02 47 02 02 4a 02 02 4d 02
04 e2 04 08 38 18 01 00 00 00 02 02 52 02 02 51 02 02 48 02 02 4b 02 02 4e 02 00 00 02 00 00 02 02 4f 02 00 00 02 02 53 02 02 5f 02 02 5c 02 02 59 02 00 00 02 00 00 02 02 54 02 02 60 02 02 5d
04 65 05 08 2a 50 01 00 02 02 5a 02 02 62 02 00 00 02 02 55 02 02 61 02 02 5e 02 02 5b 02 02 63 02 00 00 02 02 56 02 02 57 02 00 00 02 02 58 02 00 00 00 00 02 00 00 02 02 54 02 02 60 02 02 5d
04 02 00 02 00 00 00 00 00 00 00 00 00 00 00 00 00 00 00 00 00 00 00 00 00 00 00 00 00 00 00 00 00 00 00 00 00 00 00 00 00 00 00 00 00 00 00 00 00 00 00 00 00 00 00 00 00 00 00 00 00 00 00 00
